加密矩阵
1, 1, 0, 1, 1, 1, 1, 1, 1, 1, 1, 1, 0,
0, 0, 1, 0, 1, 0, 0, 0, 1, 0, 0, 0, 1,
1, 0, 1, 1, 1, 0, 1, 1, 0, 0, 1, 0, 0,
1, 0, 1, 1, 1, 1, 1, 1, 1, 1, 0, 1, 1,
0, 1, 1, 1, 1, 1, 0, 1, 1, 0, 1, 1, 1,
1, 0, 1, 1, 0, 1, 0, 1, 0, 0, 1, 0, 0,
1, 0, 0, 1, 0, 0, 1, 0, 1, 1, 1, 0, 0,
1, 0, 0, 0, 1, 0, 1, 1, 0, 0, 1, 1, 0,
1, 0, 0, 1, 0, 0, 1, 1, 1, 1, 0, 1, 0,
1, 0, 1, 1, 0, 0, 1, 0, 1, 0, 0, 0, 0,
0, 1, 0, 1, 0, 0, 1, 1, 0, 0, 0, 1, 1,
0, 0, 1, 0, 1, 1, 1, 1, 1, 0, 1, 1, 1,
1, 0, 1, 1, 0, 0, 0, 0, 1, 1, 0, 1, 1}

解密矩阵
0.25 0.75 -0.75 0 -0.5 0.75 0 0.75 -0.25 0.25 0.25 -0.5 0
1.6 0.8 0.2 -1.2 -1.2 0.4 -0.8 -0.6 -0.2 0 0.6 0.4 0.6
1. 0 1. -1. -1. 0 -1. -1. 0 0 0 1. 1.
-1.35 -1.05 0.05 1.2 1.7 -0.65 0.8 0.35 -0.05 0.25 -0.35 -0.9 -0.6
-0.4 -0.2 0.2 0.8 0.8 -0.6 0.2 0.4 -0.2 0 -0.4 -0.6 -0.4
-0.15 -0.45 -0.55 0.8 0.3 0.15 0.2 0.15 -0.45 0.25 -0.15 -0.1 -0.4
0.25 -0.25 0.25 0 -0.5 -0.25 0 -0.25 -0.25 0.25 0.25 0.5 0
0.3 0.9 0.1 -0.6 -0.6 0.7 -0.4 -0.3 0.9 -0.5 0.3 0.2 -0.200
-0.15 0.55 -0.55 -0.2 0.3 0.15 0.2 0.15 0.55 0.25 -0.15 -0.1 -0.4
1.05 0.15 0.85 -0.6 -1.1 -0.05 -0.4 -1.05 0.15 -0.75 0.05 0.7 0.8
-0.05 -0.15 0.15 -0.4 0.1 0.05 0.4 0.05 -0.15 -0.25 -0.05 0.3 0.2
-0.35 -1.05 0.05 0.2 0.7 -0.65 -0.2 0.35 -0.05 0.25 -0.35 0.1 0.4
-0.45 0.65 -0.65 0.4 -0.1 0.45 0.6 0.45 -0.35 -0.25 0.55 -0.3 -0.2

r3verse_1s_EZ
114
51
118
101
114
115
101
95
49
115
95
69
90

加密字符串
1019
371
738
1081
897
638
575
588
644
483
507
846
656
